4 0.565104 0.575694 0.232292 0.177778
5 0.785417 0.663194 0.154167 0.252778
5 0.881250 0.645833 0.058333 0.056944
5 0.971354 0.505556 0.057292 0.326389
5 0.098958 0.395139 0.006250 0.033333
5 0.006250 0.314583 0.012500 0.027778
4 0.219792 0.538194 0.193750 0.358333
5 0.033854 0.615278 0.067708 0.276389
5 0.833333 0.375694 0.047917 0.058333
5 0.870833 0.371528 0.035417 0.086111
5 0.765625 0.395139 0.031250 0.075000
5 0.360938 0.706250 0.184375 0.450000
5 0.030208 0.828472 0.060417 0.341667
5 0.086458 0.415278 0.172917 0.145833
5 0.288021 0.426389 0.019792 0.056944
5 0.930208 0.415972 0.122917 0.247222
5 0.794792 0.529167 0.150000 0.123611
5 0.794792 0.463889 0.114583 0.106944
3 0.717187 0.502083 0.094792 0.247222
1 0.521875 0.304861 0.183333 0.358333
2 0.500000 0.271528 1.000000 0.544444