4 0.496354 0.515972 0.369792 0.297222
5 0.785417 0.663194 0.154167 0.252778
5 0.881250 0.645833 0.058333 0.056944
5 0.971354 0.505556 0.057292 0.326389
4 0.664063 0.234028 0.088542 0.169444
5 0.574479 0.281250 0.090625 0.077778
5 0.476563 0.307639 0.088542 0.113889
5 0.316146 0.276389 0.138542 0.048611
5 0.133854 0.247917 0.126042 0.169444
5 0.034896 0.248611 0.069792 0.173611
4 0.219792 0.495139 0.193750 0.444444
5 0.033854 0.615278 0.067708 0.276389
5 0.845833 0.277778 0.150000 0.254167
5 0.926562 0.288889 0.146875 0.251389
5 0.739583 0.370833 0.156250 0.123611
5 0.360938 0.706250 0.184375 0.450000
5 0.030208 0.828472 0.060417 0.341667
5 0.661458 0.377083 0.025000 0.036111
5 0.397396 0.360417 0.165625 0.130556
5 0.086458 0.409028 0.172917 0.158333
5 0.288021 0.418750 0.019792 0.072222
5 0.930208 0.410417 0.122917 0.258333
5 0.794792 0.529167 0.150000 0.123611
5 0.794792 0.463889 0.114583 0.106944
3 0.609896 0.454861 0.309375 0.341667