4 0.496354 0.534722 0.369792 0.259722
5 0.785417 0.663194 0.154167 0.252778
5 0.881250 0.645833 0.058333 0.056944
5 0.971354 0.505556 0.057292 0.326389
5 0.306771 0.352083 0.028125 0.019444
5 0.133854 0.248611 0.126042 0.168056
5 0.034896 0.248611 0.069792 0.173611
4 0.219792 0.495139 0.193750 0.444444
5 0.033854 0.615278 0.067708 0.276389
5 0.822917 0.295139 0.104167 0.219444
5 0.926562 0.288889 0.146875 0.251389
5 0.764583 0.374306 0.106250 0.116667
5 0.360938 0.706250 0.184375 0.450000
5 0.030208 0.828472 0.060417 0.341667
5 0.337500 0.377083 0.039583 0.097222
5 0.086458 0.409028 0.172917 0.158333
5 0.288021 0.418750 0.019792 0.072222
5 0.930208 0.410417 0.122917 0.258333
5 0.794792 0.529167 0.150000 0.123611
5 0.794792 0.463889 0.114583 0.106944
3 0.717187 0.490972 0.094792 0.269444
1 0.512500 0.305556 0.183333 0.356944
2 0.517708 0.277083 0.731250 0.477778