4 0.496354 0.541667 0.369792 0.245833
5 0.785417 0.663194 0.154167 0.252778
5 0.881250 0.645833 0.058333 0.056944
5 0.971354 0.505556 0.057292 0.326389
5 0.100521 0.316667 0.032292 0.031944
5 0.034896 0.307639 0.069792 0.055556
4 0.219792 0.523611 0.193750 0.387500
5 0.033854 0.615278 0.067708 0.276389
5 0.833854 0.356944 0.055208 0.095833
5 0.951042 0.290972 0.097917 0.102778
5 0.777083 0.385417 0.081250 0.094444
5 0.360938 0.706250 0.184375 0.450000
5 0.030208 0.828472 0.060417 0.341667
5 0.086458 0.409028 0.172917 0.158333
5 0.288021 0.427083 0.019792 0.055556
5 0.930208 0.410417 0.122917 0.258333
5 0.794792 0.529167 0.150000 0.123611
5 0.794792 0.463889 0.114583 0.106944
3 0.717187 0.498611 0.094792 0.254167
1 0.522396 0.327778 0.186458 0.312500
2 0.500000 0.270833 1.000000 0.543056