4 0.496354 0.515972 0.369792 0.297222
5 0.785417 0.663194 0.154167 0.252778
5 0.881250 0.645833 0.058333 0.056944
5 0.971354 0.505556 0.057292 0.326389
4 0.664063 0.234028 0.088542 0.169444
0 0.224479 0.613889 0.128125 0.393056
5 0.573958 0.281250 0.089583 0.077778
5 0.476563 0.307639 0.088542 0.113889
5 0.316146 0.277083 0.138542 0.050000
5 0.133854 0.247917 0.126042 0.169444
5 0.034896 0.247917 0.069792 0.175000
5 0.303646 0.209028 0.076042 0.072222
4 0.219792 0.483333 0.191667 0.420833
5 0.033854 0.615278 0.067708 0.276389
5 0.843229 0.277778 0.144792 0.254167
5 0.926562 0.289583 0.146875 0.252778
0 0.035937 0.406250 0.071875 0.169444
5 0.739583 0.371528 0.156250 0.125000
5 0.361458 0.715278 0.185417 0.468056
5 0.029687 0.828472 0.059375 0.341667
5 0.661458 0.377083 0.025000 0.036111
5 0.397396 0.360417 0.165625 0.130556
5 0.067187 0.358333 0.128125 0.056944
5 0.287500 0.418750 0.020833 0.072222
5 0.930208 0.410417 0.122917 0.258333
5 0.794792 0.529861 0.150000 0.122222
5 0.795312 0.463889 0.115625 0.106944
3 0.609375 0.454861 0.310417 0.341667