4 0.563021 0.571528 0.236458 0.186111
5 0.785417 0.663194 0.154167 0.252778
5 0.881250 0.645833 0.058333 0.056944
5 0.971354 0.505556 0.057292 0.326389
4 0.219792 0.561111 0.193750 0.312500
5 0.033854 0.615278 0.067708 0.276389
5 0.833854 0.370833 0.048958 0.068056
5 0.870833 0.374306 0.035417 0.080556
5 0.781771 0.387500 0.071875 0.090278
5 0.360938 0.706250 0.184375 0.450000
5 0.030208 0.828472 0.060417 0.341667
5 0.086458 0.428472 0.172917 0.119444
5 0.284896 0.431944 0.013542 0.045833
5 0.929167 0.422222 0.120833 0.234722
5 0.794792 0.529167 0.150000 0.123611
5 0.794792 0.463889 0.114583 0.106944
3 0.717187 0.499306 0.094792 0.252778
1 0.521354 0.280556 0.176042 0.406944
2 0.500000 0.270139 1.000000 0.541667